#ImageMagickpixelenumeration 12 16 255 srgba
0 0 255 255 255 0 #FFFFFF00srgba255 255 255 0 
1 0 255 255 255 0 #FFFFFF00srgba255 255 255 0 
2 0 255 0 0 0 #FF000000srgba255 0 0 0 
3 0 255 0 0 1 #FF0000red
4 0 255 0 0 1 #FF0000red
5 0 255 0 0 1 #FF0000red
6 0 255 0 0 1 #FF0000red
7 0 255 0 0 1 #FF0000red
8 0 255 0 0 0 #FF000000srgba255 0 0 0 
9 0 255 0 0 0 #FF000000srgba255 0 0 0 
10 0 255 0 0 0 #FF000000srgba255 0 0 0 
11 0 255 255 255 0 #FFFFFF00srgba255 255 255 0 
0 1 255 255 255 0 #FFFFFF00srgba255 255 255 0 
1 1 255 255 255 0 #FFFFFF00srgba255 255 255 0 
2 1 255 0 0 1 #FF0000red
3 1 255 0 0 1 #FF0000red
4 1 255 0 0 1 #FF0000red
5 1 255 0 0 1 #FF0000red
6 1 255 0 0 1 #FF0000red
7 1 255 0 0 1 #FF0000red
8 1 255 0 0 1 #FF0000red
9 1 255 0 0 1 #FF0000red
10 1 255 0 0 1 #FF0000red
11 1 255 255 255 0 #FFFFFF00srgba255 255 255 0 
0 2 255 217 0 0 #FFD90000srgba255 217 0 0 
1 2 255 217 0 0 #FFD90000srgba255 217 0 0 
2 2 128 58 0 1 #803A00srgba128 58 0 1 
3 2 128 58 0 1 #803A00srgba128 58 0 1 
4 2 128 58 0 1 #803A00srgba128 58 0 1 
5 2 255 217 0 1 #FFD900srgba255 217 0 1 
6 2 255 217 0 1 #FFD900srgba255 217 0 1 
7 2 0 0 0 1 #000000black
8 2 255 217 0 1 #FFD900srgba255 217 0 1 
9 2 255 217 0 0 #FFD90000srgba255 217 0 0 
10 2 255 217 0 0 #FFD90000srgba255 217 0 0 
11 2 255 217 0 0 #FFD90000srgba255 217 0 0 
0 3 255 217 0 0 #FFD90000srgba255 217 0 0 
1 3 128 58 0 1 #803A00srgba128 58 0 1 
2 3 255 217 0 1 #FFD900srgba255 217 0 1 
3 3 128 58 0 1 #803A00srgba128 58 0 1 
4 3 255 217 0 1 #FFD900srgba255 217 0 1 
5 3 255 217 0 1 #FFD900srgba255 217 0 1 
6 3 255 217 0 1 #FFD900srgba255 217 0 1 
7 3 0 0 0 1 #000000black
8 3 255 217 0 1 #FFD900srgba255 217 0 1 
9 3 255 217 0 1 #FFD900srgba255 217 0 1 
10 3 255 217 0 1 #FFD900srgba255 217 0 1 
11 3 255 217 0 0 #FFD90000srgba255 217 0 0 
0 4 255 217 0 0 #FFD90000srgba255 217 0 0 
1 4 128 58 0 1 #803A00srgba128 58 0 1 
2 4 255 217 0 1 #FFD900srgba255 217 0 1 
3 4 128 58 0 1 #803A00srgba128 58 0 1 
4 4 128 58 0 1 #803A00srgba128 58 0 1 
5 4 255 217 0 1 #FFD900srgba255 217 0 1 
6 4 255 217 0 1 #FFD900srgba255 217 0 1 
7 4 255 217 0 1 #FFD900srgba255 217 0 1 
8 4 0 0 0 1 #000000black
9 4 255 217 0 1 #FFD900srgba255 217 0 1 
10 4 255 217 0 1 #FFD900srgba255 217 0 1 
11 4 255 217 0 1 #FFD900srgba255 217 0 1 
0 5 255 217 0 0 #FFD90000srgba255 217 0 0 
1 5 255 217 0 0 #FFD90000srgba255 217 0 0 
2 5 128 58 0 1 #803A00srgba128 58 0 1 
3 5 255 217 0 1 #FFD900srgba255 217 0 1 
4 5 255 217 0 1 #FFD900srgba255 217 0 1 
5 5 255 217 0 1 #FFD900srgba255 217 0 1 
6 5 255 217 0 1 #FFD900srgba255 217 0 1 
7 5 0 0 0 1 #000000black
8 5 0 0 0 1 #000000black
9 5 0 0 0 1 #000000black
10 5 0 0 0 1 #000000black
11 5 255 217 0 0 #FFD90000srgba255 217 0 0 
0 6 255 217 0 0 #FFD90000srgba255 217 0 0 
1 6 255 217 0 0 #FFD90000srgba255 217 0 0 
2 6 255 217 0 0 #FFD90000srgba255 217 0 0 
3 6 255 217 0 1 #FFD900srgba255 217 0 1 
4 6 255 217 0 1 #FFD900srgba255 217 0 1 
5 6 255 217 0 1 #FFD900srgba255 217 0 1 
6 6 255 217 0 1 #FFD900srgba255 217 0 1 
7 6 255 217 0 1 #FFD900srgba255 217 0 1 
8 6 255 217 0 1 #FFD900srgba255 217 0 1 
9 6 255 217 0 0 #FFD90000srgba255 217 0 0 
10 6 255 217 0 0 #FFD90000srgba255 217 0 0 
11 6 255 217 0 0 #FFD90000srgba255 217 0 0 
0 7 255 0 0 0 #FF000000srgba255 0 0 0 
1 7 255 0 0 0 #FF000000srgba255 0 0 0 
2 7 255 0 0 1 #FF0000red
3 7 255 0 0 1 #FF0000red
4 7 62 45 255 1 #3E2DFFsrgba62 45 255 1 
5 7 255 0 0 1 #FF0000red
6 7 255 0 0 1 #FF0000red
7 7 62 45 255 1 #3E2DFFsrgba62 45 255 1 
8 7 255 0 0 1 #FF0000red
9 7 255 0 0 1 #FF0000red
10 7 255 0 0 0 #FF000000srgba255 0 0 0 
11 7 255 0 0 0 #FF000000srgba255 0 0 0 
0 8 255 0 0 0 #FF000000srgba255 0 0 0 
1 8 255 0 0 1 #FF0000red
2 8 255 0 0 1 #FF0000red
3 8 255 0 0 1 #FF0000red
4 8 62 45 255 1 #3E2DFFsrgba62 45 255 1 
5 8 255 0 0 1 #FF0000red
6 8 255 0 0 1 #FF0000red
7 8 62 45 255 1 #3E2DFFsrgba62 45 255 1 
8 8 255 0 0 1 #FF0000red
9 8 255 0 0 1 #FF0000red
10 8 255 0 0 1 #FF0000red
11 8 255 0 0 0 #FF000000srgba255 0 0 0 
0 9 255 0 0 1 #FF0000red
1 9 255 0 0 1 #FF0000red
2 9 255 0 0 1 #FF0000red
3 9 255 0 0 1 #FF0000red
4 9 62 45 255 1 #3E2DFFsrgba62 45 255 1 
5 9 62 45 255 1 #3E2DFFsrgba62 45 255 1 
6 9 62 45 255 1 #3E2DFFsrgba62 45 255 1 
7 9 62 45 255 1 #3E2DFFsrgba62 45 255 1 
8 9 255 0 0 1 #FF0000red
9 9 255 0 0 1 #FF0000red
10 9 255 0 0 1 #FF0000red
11 9 255 0 0 1 #FF0000red
0 10 255 217 0 1 #FFD900srgba255 217 0 1 
1 10 255 217 0 1 #FFD900srgba255 217 0 1 
2 10 255 0 0 1 #FF0000red
3 10 62 45 255 1 #3E2DFFsrgba62 45 255 1 
4 10 255 217 0 1 #FFD900srgba255 217 0 1 
5 10 62 45 255 1 #3E2DFFsrgba62 45 255 1 
6 10 62 45 255 1 #3E2DFFsrgba62 45 255 1 
7 10 255 217 0 1 #FFD900srgba255 217 0 1 
8 10 62 45 255 1 #3E2DFFsrgba62 45 255 1 
9 10 255 0 0 1 #FF0000red
10 10 255 217 0 1 #FFD900srgba255 217 0 1 
11 10 255 217 0 1 #FFD900srgba255 217 0 1 
0 11 255 217 0 1 #FFD900srgba255 217 0 1 
1 11 255 217 0 1 #FFD900srgba255 217 0 1 
2 11 255 217 0 1 #FFD900srgba255 217 0 1 
3 11 62 45 255 1 #3E2DFFsrgba62 45 255 1 
4 11 62 45 255 1 #3E2DFFsrgba62 45 255 1 
5 11 62 45 255 1 #3E2DFFsrgba62 45 255 1 
6 11 62 45 255 1 #3E2DFFsrgba62 45 255 1 
7 11 62 45 255 1 #3E2DFFsrgba62 45 255 1 
8 11 62 45 255 1 #3E2DFFsrgba62 45 255 1 
9 11 255 217 0 1 #FFD900srgba255 217 0 1 
10 11 255 217 0 1 #FFD900srgba255 217 0 1 
11 11 255 217 0 1 #FFD900srgba255 217 0 1 
0 12 255 217 0 1 #FFD900srgba255 217 0 1 
1 12 255 217 0 1 #FFD900srgba255 217 0 1 
2 12 62 45 255 1 #3E2DFFsrgba62 45 255 1 
3 12 62 45 255 1 #3E2DFFsrgba62 45 255 1 
4 12 62 45 255 1 #3E2DFFsrgba62 45 255 1 
5 12 62 45 255 1 #3E2DFFsrgba62 45 255 1 
6 12 62 45 255 1 #3E2DFFsrgba62 45 255 1 
7 12 62 45 255 1 #3E2DFFsrgba62 45 255 1 
8 12 62 45 255 1 #3E2DFFsrgba62 45 255 1 
9 12 62 45 255 1 #3E2DFFsrgba62 45 255 1 
10 12 255 217 0 1 #FFD900srgba255 217 0 1 
11 12 255 217 0 1 #FFD900srgba255 217 0 1 
0 13 128 58 0 0 #803A0000srgba128 58 0 0 
1 13 128 58 0 0 #803A0000srgba128 58 0 0 
2 13 62 45 255 1 #3E2DFFsrgba62 45 255 1 
3 13 62 45 255 1 #3E2DFFsrgba62 45 255 1 
4 13 62 45 255 1 #3E2DFFsrgba62 45 255 1 
5 13 255 255 255 0 #FFFFFF00srgba255 255 255 0 
6 13 255 255 255 0 #FFFFFF00srgba255 255 255 0 
7 13 62 45 255 1 #3E2DFFsrgba62 45 255 1 
8 13 62 45 255 1 #3E2DFFsrgba62 45 255 1 
9 13 62 45 255 1 #3E2DFFsrgba62 45 255 1 
10 13 128 58 0 0 #803A0000srgba128 58 0 0 
11 13 128 58 0 0 #803A0000srgba128 58 0 0 
0 14 128 58 0 0 #803A0000srgba128 58 0 0 
1 14 128 58 0 1 #803A00srgba128 58 0 1 
2 14 128 58 0 1 #803A00srgba128 58 0 1 
3 14 128 58 0 1 #803A00srgba128 58 0 1 
4 14 128 58 0 0 #803A0000srgba128 58 0 0 
5 14 128 58 0 0 #803A0000srgba128 58 0 0 
6 14 128 58 0 0 #803A0000srgba128 58 0 0 
7 14 128 58 0 0 #803A0000srgba128 58 0 0 
8 14 128 58 0 1 #803A00srgba128 58 0 1 
9 14 128 58 0 1 #803A00srgba128 58 0 1 
10 14 128 58 0 1 #803A00srgba128 58 0 1 
11 14 128 58 0 0 #803A0000srgba128 58 0 0 
0 15 128 58 0 1 #803A00srgba128 58 0 1 
1 15 128 58 0 1 #803A00srgba128 58 0 1 
2 15 128 58 0 1 #803A00srgba128 58 0 1 
3 15 128 58 0 1 #803A00srgba128 58 0 1 
4 15 128 58 0 0 #803A0000srgba128 58 0 0 
5 15 128 58 0 0 #803A0000srgba128 58 0 0 
6 15 128 58 0 0 #803A0000srgba128 58 0 0 
7 15 128 58 0 0 #803A0000srgba128 58 0 0 
8 15 128 58 0 1 #803A00srgba128 58 0 1 
9 15 128 58 0 1 #803A00srgba128 58 0 1 
10 15 128 58 0 1 #803A00srgba128 58 0 1 
11 15 128 58 0 1 #803A00srgba128 58 0 1 
